0,302
394,4
394,3
394,2
394,1
394,0
393,3
393,2
393,1
393,0
392,5
392,4
392,3
392,2
392,1
392,0
391,4
391,3
391,2
391,1
391,0
390,3
390,2
390,1
390,0
389,3
389,2
389,1
389,0
388,3
388,2
388,1
388,0
387,3
387,2
387,1
387,0
386,4
386,3
386,2
386,1
386,0
385,3
385,2
385,1
385,0
384,5
384,4
384,3
384,2
384,1
384,0
383,4
383,3
383,2
383,1
383,0
382,3
382,2
382,1
382,0
381,3
381,2
381,1
381,0
380,3
380,2
380,1
380,0
379,3
379,2
379,1
379,0
378,4
378,3
378,2
378,1
378,0
377,3
377,2
377,1
377,0
376,5
376,4
376,3
376,2
376,1
376,0
375,4
375,3
375,2
375,1
375,0
374,3
374,2
374,1
374,0
373,3
373,2
373,1
373,0
372,3
372,2
372,1
372,0
371,3
371,2
371,1
371,0
370,4
370,3
370,2
370,1
370,0
369,3
369,2
369,1
369,0
368,5
368,4
368,3
368,2
368,1
368,0
367,4
367,3
367,2
367,1
367,0
366,3
366,2
366,1
366,0
365,3
365,2
365,1
365,0
364,3
364,2
364,1
364,0
363,3
363,2
363,1
363,0
0,466
0,465
362,4
362,3
362,2
362,1
362,0
361,3
361,2
361,1
361,0
360,5
360,4
360,3
360,2
360,1
360,0
0,464
0,463
359,4
359,3
359,2
359,1
359,0
358,3
358,2
358,1
358,0
357,3
357,2
357,1
357,0
356,3
356,2
356,1
356,0
355,3
355,2
355,1
355,0
354,4
354,3
354,2
354,1
354,0
353,3
353,2
353,1
353,0
352,5
352,4
352,3
352,2
352,1
352,0
351,4
